((("upper" .
   [1 0 0 0 0])
  ("startswith" .
   [0 0 0 0 0 1 0 0 0 0])
  ("canonical_combining_class" .
   [0 0 1 0 2 0 0 0 0 0 0 0 0 0 0 0 0 0 0 0 0 0 0 0 0])
  ("16" .
   [1 0])
  ("chr" .
   [2 0 0])
  ("elif" .
   [1 0 0 0])
  ("0x0041" .
   [1 0 0 0 0 0])
  ("index" .
   [4 0 0 0 0])
  ("not" .
   [1 0 0])
  ("is" .
   [1 0])
  ("character_decomposition_mapping" .
   [0 0 0 1 0 0 0 0 0 0 0 0 0 0 0 0 0 0 0 0 0 0 0 0 0 0 0 0 0 0 0])
  ("character_name" .
   [0 0 0 0 0 1 0 0 0 0 0 0 0 0])
  ("enumerate" .
   [1 0 0 0 0 0 0 0 0])
  ("Unicode" .
   [1 0 0 0 0 0 0])
  ("mirrored" .
   [0 0 0 0 1 0 0 0])
  ("numeric_value" .
   [0 0 1 0 0 0 0 0 0 0 0 0 0])
  ("digit_value" .
   [0 0 0 0 0 0 1 0 0 0 0])
  ("general_category" .
   [0 0 0 0 1 0 0 0 0 0 0 0 0 0 0 0])
  ("code_value" .
   [3 0 0 0 0 0 0 0 0 0])
  ("__init__" .
   [1 0 1 0 0 0 0 0])
  ("or" .
   [2 0])
  ("type" .
   [1 0 0 0])
  ("n_code" .
   [3 0 0 0 0 0])
  ("Dump" .
   [3 0 0 0])
  ("and" .
   [8 0 0])
  ("data" .
   [12 0 0 0])
  ("int" .
   [5 0 0])
  ("desc" .
   [6 0 0 0])
  ("code" .
   [17 0 0 0])
  ("hex" .
   [1 0 0])
  ("row" .
   [7 0 0])
  ("csv" .
   [2 0 0])
  ("in" .
   [2 0])
  ("for" .
   [2 0 0])
  ("open" .
   [1 0 0 0])
  ("main" .
   [1 0 0 0])
  ("print" .
   [6 0 0 0 0])
  ("Load" .
   [1 0 0 0])
  ("udata" .
   [2 0 0 0 0])
  ("return" .
   [2 0 0 0 0 0])
  ("import" .
   [2 0 0 0 0 0])
  ("UnicodeData" .
   [1 0 0 0 0 0 0 2 0 0 0])
  ("self" .
   [37 0 1 0])
  ("file" .
   [4 0 0 0])
  ("def" .
   [8 0 0])
  ("class" .
   [2 0 0 0 0])
  ("mew-pop-header-only" .
   [1 0 0 0 0 0 0 0 0 0 0 0 0 0 0 0 0 0 0])
  ("nil" .
   [1 0 0])
  ("setq" .
   [2 0 0 0])
  ("then" .
   [1 0 0 0])
  ("PS3_WORK_DIR" .
   [0 0 0 0 0 1 0 0 0 0 0 0])
  ("setenv" .
   [2 0 0 0 0 0])
  ("ps3" .
   [1 0 0])
  ("endif" .
   [1 0 0 0 0])
  ("string" .
   [1 0 0 0 0 0])
  ("char" .
   [2 0 0 0])
  ("const" .
   [1 0 0 0 0])
  ("if" .
   [7 0])
  ("fname" .
   [4 0 1 0 0])
  ("else" .
   [2 0 0 0])
  ("NULL" .
   [2 0 0 0])
  ("mew-pop-user" .
   [1 0 0 0 0 0 0 0 0 0 0 0])))
